0.00000, 2.82843, 0.00004, 0.00005, 3.50080, 0.00002, 2.87011, 0.00006, 6.24241, 
0.00707, 2.82489, 0.04371, 0.05562, 0.19885, 0.06984, 0.10526, 0.01084, 3.91323, 
0.07071, 2.79318, 0.16689, 0.14986, 0.05155, 0.22251, 0.02480, 0.01350, 5.87641, 
0.01414, 2.82136, 0.09834, 0.01788, 0.08819, 0.08219, 0.01751, 0.05705, 0.00004, 
0.26870, 2.69579, 0.31210, 0.31208, 0.00003, 0.43049, 0.00000, 0.00000, 4.15624, 
0.04950, 2.80373, 0.11467, 0.14827, 6.25424, 0.18515, 6.26711, 0.02423, 3.00920, 
0.02121, 2.81783, 0.12064, 0.02054, 2.14375, 0.07858, 0.15868, 0.09407, 6.15412, 
0.02828, 2.81429, 0.13289, 0.04805, 4.48477, 0.09259, 5.91361, 0.10704, 0.31374, 
0.03536, 2.81078, 0.15772, 0.00696, 3.28813, 0.10703, 6.27386, 0.11671, 6.28319, 
0.62933, 2.52421, 0.48680, 0.48682, 0.00012, 0.64638, 0.00014, 0.00000, 5.47466, 
0.15556, 2.75120, 0.25299, 0.21793, 0.00732, 0.32841, 0.00338, 0.02591, 6.23613, 
0.83439, 2.43078, 0.73490, 0.02723, 6.26335, 0.58143, 6.28284, 0.55290, 0.00046, 
0.12021, 2.76865, 0.28997, 0.00055, 4.71272, 0.20729, 0.00000, 0.20727, 0.00359, 
0.04243, 2.80725, 0.17117, 0.02461, 5.63614, 0.13558, 6.20375, 0.10822, 0.09645, 
0.37477, 2.64448, 0.50565, 0.00784, 2.96761, 0.36551, 0.00207, 0.37549, 0.00000, 
0.08485, 2.78616, 0.20171, 0.14025, 6.21224, 0.24000, 6.25383, 0.04525, 0.14856, 
0.59397, 2.54065, 0.62907, 0.01735, 2.94080, 0.46175, 0.00414, 0.48190, 6.27957, 
0.16971, 2.74424, 0.26823, 0.22315, 6.25645, 0.34227, 6.27127, 0.03379, 0.15771, 
0.25456, 2.70268, 0.26452, 0.33737, 0.02947, 0.41620, 0.01724, 0.05567, 3.27311, 
0.06364, 2.79670, 0.16006, 0.14006, 0.10246, 0.21081, 0.04792, 0.01804, 5.68987, 
0.64347, 2.51766, 0.49268, 0.49262, 0.00025, 0.65307, 0.00011, 0.00000, 3.78936, 
0.84146, 2.42762, 0.73757, 0.03291, 6.27115, 0.58684, 0.00000, 0.55249, 0.00035, 
0.69296, 2.49485, 0.51335, 0.51207, 0.00185, 0.67578, 0.00082, 0.00133, 5.56803, 
0.72832, 2.47868, 0.69135, 0.00196, 2.56013, 0.52575, 0.00104, 0.52772, 6.28232, 
0.67882, 2.50135, 0.50704, 0.50704, 0.00000, 0.66939, 0.00000, 0.00000, 3.54913, 
0.27577, 2.69235, 0.31636, 0.31620, 0.00899, 0.43596, 0.00476, 0.00188, 4.78364, 
0.42426, 2.62077, 0.53658, 0.01383, 3.06195, 0.38654, 0.00170, 0.40371, 0.00000, 
0.18385, 2.73728, 0.21452, 0.29277, 0.03358, 0.35338, 0.01676, 0.05852, 3.28991, 
0.30406, 2.67862, 0.35387, 0.30940, 0.00617, 0.45611, 0.00284, 0.03438, 6.23723, 
0.65054, 2.51439, 0.65611, 0.02498, 3.15810, 0.48097, 0.00000, 0.50945, 6.28319, 
0.21920, 2.71995, 0.38907, 0.02524, 0.18047, 0.29717, 0.00976, 0.26409, 6.27170, 
0.51619, 2.57713, 0.31581, 0.52412, 0.00000, 0.57226, 0.00001, 0.17053, 3.14155, 
0.57276, 2.55056, 0.46294, 0.46293, 3.14161, 0.00001, 4.73069, 0.61861, 0.00002, 
0.14849, 2.75468, 0.12957, 0.29712, 0.08661, 0.29967, 0.06177, 0.12307, 3.29371, 
0.48083, 2.59385, 0.41969, 0.42434, 0.00379, 0.56967, 0.00252, 0.00387, 3.30614, 
0.71418, 2.48514, 0.52117, 0.52117, 0.00000, 0.68517, 0.00000, 0.00000, 3.39065, 
0.45962, 2.60392, 0.41216, 0.41218, 3.14170, 0.00000, 5.39004, 0.55756, 0.00010, 
0.53033, 2.57046, 0.43674, 0.45190, 0.00716, 0.59657, 0.00379, 0.01286, 3.33649, 
0.19092, 2.73382, 0.24720, 0.27602, 0.01269, 0.36369, 0.00741, 0.02168, 3.29662, 
0.22627, 2.71649, 0.29053, 0.28099, 0.00099, 0.39580, 0.00035, 0.00720, 6.25700, 
0.49497, 2.58715, 0.43052, 0.42652, 0.00184, 0.57752, 0.00098, 0.00332, 6.00292, 
0.52326, 2.57380, 0.59288, 0.00538, 0.06833, 0.44448, 0.00047, 0.43803, 0.00000, 
0.56569, 2.55387, 0.39957, 0.51004, 0.00001, 0.61058, 0.00001, 0.09323, 3.14164, 
0.57983, 2.54725, 0.62218, 0.00000, 3.56876, 0.46597, 0.00000, 0.46596, 0.00010, 
0.07778, 2.78967, 0.21919, 0.08310, 3.25285, 0.09835, 6.21835, 0.21303, 0.02915, 
0.66468, 2.50786, 0.66293, 0.00013, 3.81365, 0.50126, 0.00000, 0.50139, 0.00033, 
0.32527, 2.66835, 0.33528, 0.35310, 6.26978, 0.47214, 6.27600, 0.01426, 2.88093, 
0.31113, 2.67519, 0.33334, 0.33969, 0.00236, 0.46223, 0.00074, 0.00499, 3.33541, 
0.17678, 2.74076, 0.23720, 0.26593, 0.01133, 0.35013, 0.00592, 0.02148, 3.27876, 
0.10607, 2.77565, 0.00016, 0.27256, 3.74885, 0.19448, 3.74880, 0.19467, 0.60688, 
0.20506, 2.72688, 0.24445, 0.29628, 0.01976, 0.37549, 0.01010, 0.03899, 3.26926, 
0.40305, 2.63091, 0.52104, 0.06166, 3.19544, 0.34356, 6.27754, 0.42084, 0.00444, 
0.16263, 2.74772, 0.33251, 0.05564, 2.96886, 0.20109, 0.03089, 0.27555, 6.26095, 
0.53740, 2.56714, 0.44724, 0.44784, 0.00165, 0.60039, 0.00085, 0.00068, 3.87718, 
0.05657, 2.80021, 0.14243, 0.14106, 3.40295, 0.02578, 4.88183, 0.19787, 0.13137, 
0.79903, 2.44664, 0.72099, 0.00006, 4.79504, 0.55414, 0.00000, 0.55411, 0.00013, 
0.09192, 2.78266, 0.23726, 0.09307, 3.16061, 0.10400, 6.26556, 0.23289, 0.00386, 
0.58690, 2.54395, 0.47638, 0.46140, 0.00382, 0.62563, 0.00185, 0.01288, 6.15618, 
0.77782, 2.45621, 0.71229, 0.00000, 2.95927, 0.54600, 0.00000, 0.54600, 6.28319, 
0.48790, 2.59050, 0.41422, 0.43594, 0.00000, 0.57344, 0.00000, 0.01794, 3.11845, 
0.76368, 2.46261, 0.70639, 0.00902, 2.99775, 0.53565, 0.00129, 0.54532, 0.00000, 
0.13435, 2.76166, 0.17724, 0.25379, 0.07665, 0.30153, 0.04537, 0.05719, 3.39958, 
0.80610, 2.44346, 0.72383, 0.00265, 3.39353, 0.55546, 0.00000, 0.55819, 0.00069, 
0.38891, 2.63769, 0.37754, 0.37793, 0.00352, 0.51479, 0.00187, 0.00091, 4.35929, 
0.29698, 2.68205, 0.44251, 0.10241, 0.00045, 0.38690, 0.00000, 0.25332, 6.28306, 
0.26163, 2.69924, 0.23869, 0.36202, 3.16047, 0.09369, 3.19696, 0.41630, 0.01166, 
0.34648, 2.65810, 0.24596, 0.43359, 0.00303, 0.46974, 0.00201, 0.14536, 3.14839, 
0.55154, 2.56049, 0.48502, 0.41877, 0.00817, 0.60616, 0.00395, 0.05583, 6.22976, 
0.28991, 2.68548, 0.32657, 0.32246, 0.00266, 0.44667, 0.00139, 0.00323, 6.07025, 
0.82024, 2.43711, 0.61260, 0.50117, 0.00009, 0.72595, 0.00000, 0.10494, 6.28319, 
0.24042, 2.70958, 0.33297, 0.24961, 0.00000, 0.40366, 0.00000, 0.06301, 6.28315, 
0.38184, 2.64109, 0.16116, 0.49056, 3.14510, 0.25224, 3.14678, 0.45840, 0.00271, 
0.14142, 2.75818, 0.10976, 0.29621, 3.10641, 0.13587, 3.08666, 0.28596, 6.25710, 
0.50912, 2.58047, 0.54770, 0.24651, 3.14138, 0.24190, 0.00015, 0.54930, 6.28319, 
0.36062, 2.65129, 0.33069, 0.39233, 0.00000, 0.49464, 6.28315, 0.04847, 3.11947, 
0.72125, 2.48191, 0.68416, 0.10286, 3.14162, 0.46135, 6.28319, 0.57567, 0.00000, 
0.65761, 2.51112, 0.65833, 0.05607, 0.02992, 0.52863, 0.00193, 0.46484, 0.00000, 
0.70004, 2.49161, 0.47768, 0.54915, 3.14586, 0.06396, 3.17836, 0.67729, 0.00235, 
0.82731, 2.43394, 0.58610, 0.54193, 3.14145, 0.04200, 0.00351, 0.73177, 0.00000, 
0.63640, 2.52093, 0.57708, 0.36557, 0.00293, 0.63447, 0.00094, 0.18112, 6.27729, 
0.78489, 2.45301, 0.54862, 0.54881, 0.00003, 0.71520, 0.00000, 0.00018, 2.63652, 
0.44548, 2.61065, 0.53210, 0.16136, 6.27627, 0.48895, 6.28194, 0.28702, 0.00234, 
0.74953, 2.46902, 0.52174, 0.54780, 0.00296, 0.70022, 0.00154, 0.02399, 3.20922, 
0.60104, 2.53735, 0.36618, 0.55449, 0.00545, 0.62018, 0.00343, 0.15960, 3.15719, 
0.81317, 2.44028, 0.55934, 0.55964, 0.00048, 0.72671, 0.00013, 0.00035, 4.02150, 
0.62225, 2.52749, 0.47626, 0.49130, 0.00033, 0.64292, 6.28319, 0.01305, 3.16428, 
0.79196, 2.44982, 0.62258, 0.45731, 0.00215, 0.71004, 0.00078, 0.15246, 6.27558, 
0.11314, 2.77215, 0.00433, 0.28138, 1.62037, 0.20081, 1.60261, 0.20122, 4.77551, 
0.41719, 2.62414, 0.39180, 0.39180, 0.00000, 0.53240, 0.00000, 0.00000, 5.15531, 
0.35355, 2.65469, 0.42902, 0.26600, 6.28319, 0.47894, 6.28317, 0.12688, 0.00033, 
0.67175, 2.50460, 0.09832, 0.66208, 0.02749, 0.55482, 0.02514, 0.44322, 3.17224, 
0.31820, 2.67177, 0.34007, 0.34085, 0.00722, 0.46730, 0.00406, 0.00167, 4.37883, 
0.28284, 2.68891, 0.43981, 0.04082, 0.16723, 0.34543, 0.01223, 0.29278, 6.26909, 
0.73539, 2.47546, 0.59270, 0.44917, 0.00000, 0.68800, 0.00000, 0.12951, 0.00120, 
0.47376, 2.59720, 0.39339, 0.44212, 0.00000, 0.56471, 0.00000, 0.03986, 3.12504, 
0.43841, 2.61402, 0.45295, 0.34029, 0.00316, 0.53979, 0.00133, 0.09071, 6.27241, 
0.12728, 2.76516, 0.20111, 0.22487, 0.03075, 0.29778, 0.01634, 0.01798, 3.42003, 
0.43134, 2.61739, 0.43680, 0.35473, 0.00136, 0.53809, 0.00073, 0.06605, 6.27611, 
0.50205, 2.58381, 0.54819, 0.23166, 0.00001, 0.54119, 0.00000, 0.25274, 6.28318, 
0.45255, 2.60728, 0.55341, 0.00953, 3.00282, 0.40296, 0.00196, 0.41458, 6.28129, 
0.54447, 2.56382, 0.45644, 0.44475, 0.00176, 0.60404, 0.00087, 0.00984, 6.20530, 
0.39598, 2.63430, 0.48655, 0.20759, 0.01295, 0.48338, 0.00377, 0.21669, 6.27623, 
0.74246, 2.47224, 0.53211, 0.53248, 3.14093, 0.00032, 2.68676, 0.69742, 6.28279, 
0.33941, 2.66151, 0.35927, 0.34454, 3.13631, 0.01152, 0.09819, 0.48201, 6.28083, 
0.70711, 2.48837, 0.66892, 0.17924, 0.00010, 0.60285, 0.00003, 0.39984, 0.00009, 
0.85560, 2.42131, 0.57465, 0.57628, 0.00199, 0.74339, 0.00114, 0.00178, 3.54438, 
0.41012, 2.62753, 0.04885, 0.52643, 6.21511, 0.41719, 6.21975, 0.35622, 3.06802, 
0.46669, 2.60056, 0.17325, 0.54245, 0.00000, 0.50354, 0.00000, 0.28793, 3.14160, 
0.60811, 2.53406, 0.52837, 0.41730, 0.00423, 0.63186, 0.00184, 0.09530, 6.26067, 
0.33234, 2.66493, 0.45605, 0.15807, 3.14023, 0.22606, 0.00017, 0.43148, 6.28286, 
0.23335, 2.71303, 0.16469, 0.37164, 0.04279, 0.37543, 0.03086, 0.15457, 3.21369, 
0.75660, 2.46581, 0.70215, 0.05944, 0.00344, 0.56841, 0.00022, 0.50366, 0.00010, 
0.19799, 2.73034, 0.11396, 0.35513, 6.19633, 0.33069, 6.21640, 0.17774, 3.01650, 
0.68589, 2.49810, 0.65363, 0.20949, 6.28319, 0.60661, 6.28319, 0.36547, 0.00002, 
0.55861, 2.55718, 0.14620, 0.60013, 6.28319, 0.53158, 6.28314, 0.35662, 3.14160, 
0.36770, 2.64788, 0.34099, 0.39061, 3.14875, 0.03922, 3.21235, 0.49993, 0.00404, 
0.84853, 2.42446, 0.57191, 0.57372, 0.00114, 0.74066, 0.00061, 0.00181, 3.43132, 
0.24749, 2.70613, 0.39088, 0.14673, 6.27707, 0.37764, 0.00000, 0.18212, 0.00513, 
0.21213, 2.72341, 0.37781, 0.07139, 3.18721, 0.22407, 6.27480, 0.31939, 0.00554, 
0.61518, 2.53077, 0.48092, 0.48091, 0.00002, 0.63959, 0.00000, 0.00001, 4.35419, 
0.77075, 2.45940, 0.08539, 0.70677, 0.03328, 0.58590, 0.03116, 0.49345, 3.17781, 
0.86267, 2.41817, 0.74020, 0.13954, 0.00001, 0.64183, 0.00000, 0.49616, 6.28318, 
0.87681, 2.41189, 0.58335, 0.58336, 0.00001, 0.75153, 6.28315, 0.00002, 3.39142, 
0.95459, 2.37770, 0.78010, 0.00261, 3.01746, 0.61056, 0.00030, 0.61312, 0.00000, 
0.92631, 2.39006, 0.60134, 0.60176, 0.00048, 0.76994, 0.00023, 0.00047, 3.87623, 
0.98995, 2.36235, 0.60964, 0.63874, 0.00162, 0.79228, 0.00085, 0.03025, 3.18071, 
0.86974, 2.41503, 0.74883, 0.00079, 2.59884, 0.58040, 0.00029, 0.58107, 6.28269, 
1.18087, 2.28177, 0.68114, 0.70216, 0.00218, 0.85328, 0.00114, 0.02486, 3.22240, 
0.09899, 2.77915, 0.25208, 0.07893, 0.03012, 0.23377, 0.00696, 0.12483, 6.26990, 
0.93338, 2.38696, 0.77249, 0.00110, 2.93991, 0.60359, 0.00026, 0.60467, 0.00000, 
1.23037, 2.26157, 0.86761, 0.00004, 0.69675, 0.70907, 0.00002, 0.70904, 0.00000, 
0.91924, 2.39317, 0.53713, 0.64968, 3.14051, 0.11163, 3.13124, 0.76396, 0.00000, 
0.97581, 2.36847, 0.78758, 0.00000, 4.19887, 0.61950, 0.00000, 0.61950, 0.00000, 
1.06066, 2.33204, 0.64977, 0.64977, 0.00000, 0.81618, 0.00000, 0.00000, 4.43038, 
0.98288, 2.36541, 0.62205, 0.62204, 0.00000, 0.79004, 0.00000, 0.00000, 5.17496, 
1.26572, 2.24733, 0.87733, 0.02357, 3.05849, 0.71182, 0.00091, 0.73038, 6.28223, 
0.88388, 2.40876, 0.75420, 0.00010, 4.89823, 0.58598, 0.00000, 0.58597, 0.00017, 
1.06773, 2.32903, 0.65226, 0.65228, 0.00000, 0.81847, 0.00000, 0.00001, 3.93513, 
1.15966, 2.29052, 0.67996, 0.68897, 0.00000, 0.84706, 0.00000, 0.01049, 3.03674, 
1.00409, 2.35624, 0.62954, 0.62977, 0.00074, 0.79734, 0.00044, 0.00035, 4.03313, 
0.99702, 2.35929, 0.62008, 0.63399, 0.00136, 0.79487, 0.00072, 0.01451, 3.19913, 
1.08894, 2.32006, 0.82523, 0.01539, 3.12589, 0.65271, 0.00016, 0.66660, 0.00000, 
1.32229, 2.22489, 0.89245, 0.00531, 3.01574, 0.73887, 0.00037, 0.74275, 0.00000, 
1.07480, 2.32604, 0.64937, 0.66003, 0.00079, 0.82073, 0.00042, 0.01171, 3.17457, 
1.21622, 2.26731, 0.70500, 0.70330, 3.14182, 0.00205, 6.09784, 0.86361, 6.28319, 
0.91217, 2.39628, 0.76475, 0.00187, 3.36758, 0.59545, 0.00000, 0.59730, 0.00027, 
1.13844, 2.29932, 0.67704, 0.67715, 0.00000, 0.84068, 0.00000, 0.00011, 2.84766, 
1.01823, 2.35016, 0.61424, 0.65374, 0.00000, 0.80174, 0.00000, 0.04174, 3.10653, 
1.18794, 2.27886, 0.67947, 0.70835, 0.00096, 0.85526, 0.00050, 0.03432, 3.16685, 
1.22329, 2.26443, 0.70543, 0.70782, 0.00064, 0.86558, 0.00027, 0.00295, 3.33558, 
1.11723, 2.30818, 0.83415, 0.00000, 2.97534, 0.66968, 0.00000, 0.66968, 0.00000, 
1.25865, 2.25016, 0.71884, 0.71884, 0.00000, 0.87547, 0.00000, 0.00000, 5.05750, 
1.20208, 2.27307, 0.85954, 0.00033, 3.63226, 0.69913, 0.00000, 0.69939, 0.00004, 
1.32936, 2.22211, 0.72517, 0.75995, 0.00214, 0.89403, 0.00113, 0.04671, 3.19254, 
1.20915, 2.27019, 0.69793, 0.70541, 0.00109, 0.86158, 0.00055, 0.00905, 3.25815, 
1.13137, 2.30227, 0.67390, 0.67536, 0.00000, 0.83851, 0.00000, 0.00164, 2.97289, 
1.29401, 2.23605, 0.88502, 0.00043, 2.70967, 0.73089, 0.00018, 0.73122, 0.00000, 
0.89803, 2.40251, 0.03415, 0.75918, 0.03303, 0.60796, 0.03220, 0.57336, 3.17552, 
1.11016, 2.31114, 0.70293, 0.62566, 0.00001, 0.83056, 0.00001, 0.08642, 6.28312, 
1.09602, 2.31708, 0.66109, 0.66338, 0.00000, 0.82751, 0.00000, 0.00254, 3.06887, 
1.38593, 2.20017, 0.90837, 0.01847, 3.22631, 0.75627, 6.28254, 0.76919, 0.00065, 
1.16673, 2.28759, 0.84886, 0.04497, 3.09899, 0.66698, 0.00113, 0.70545, 6.28219, 
1.25158, 2.25300, 0.87352, 0.00470, 6.14044, 0.71828, 0.00000, 0.71449, 0.00038, 
0.96874, 2.37154, 0.34391, 0.75161, 0.00012, 0.74239, 0.00009, 0.38124, 3.14176, 
1.23744, 2.25871, 0.73407, 0.68645, 0.00120, 0.86914, 0.00066, 0.05890, 6.25541, 
0.94752, 2.38078, 0.55138, 0.65720, 0.00000, 0.77466, 6.28319, 0.10666, 3.13908, 
1.08187, 2.32305, 0.82300, 0.01039, 3.18734, 0.65250, 0.00000, 0.66193, 0.00034, 
1.19501, 2.27597, 0.71154, 0.68110, 0.00014, 0.85730, 0.00006, 0.03636, 6.27953, 
1.27986, 2.24168, 0.88124, 0.00000, 2.43940, 0.72617, 0.00002, 0.72617, 6.28319, 
1.39300, 2.19746, 0.91010, 0.01014, 3.19087, 0.76171, 0.00000, 0.76881, 0.00026, 
1.48492, 2.16293, 0.79727, 0.79727, 3.14157, 0.00000, 3.42847, 0.93126, 6.28317, 
1.40007, 2.19476, 0.76601, 0.76944, 0.00007, 0.91182, 0.00002, 0.00496, 3.15633, 
1.35057, 2.21383, 0.89899, 0.07917, 0.00280, 0.77757, 0.00011, 0.71965, 0.00000, 
1.01116, 2.35320, 0.63045, 0.63389, 0.00113, 0.79974, 0.00055, 0.00370, 3.39480, 
1.50614, 2.15515, 0.93583, 0.00150, 3.17854, 0.80425, 6.28319, 0.80516, 0.00000, 
1.15258, 2.29345, 0.78742, 0.49718, 3.14156, 0.31448, 6.28317, 0.82618, 0.00000, 
1.14551, 2.29638, 0.62964, 0.72118, 0.00111, 0.84091, 0.00066, 0.10473, 3.14922, 
1.52028, 2.15001, 0.93882, 0.00000, 3.78773, 0.80968, 0.00002, 0.80968, 0.00000, 
1.33643, 2.21934, 0.74572, 0.74572, 0.00000, 0.89607, 0.00000, 0.00000, 2.66886, 
1.24451, 2.25585, 0.87157, 0.00000, 2.86792, 0.71395, 0.00000, 0.71395, 6.28319, 
1.51321, 2.15257, 0.80719, 0.80719, 3.14159, 0.00000, 3.24671, 0.93733, 6.28318, 
1.41421, 2.18938, 0.77264, 0.77264, 0.00000, 0.91519, 0.00000, 0.00000, 3.31679, 
1.57685, 2.12978, 0.82909, 0.83035, 3.14178, 0.00236, 3.20636, 0.95022, 0.00010, 
1.30815, 2.23046, 0.88877, 0.00350, 2.94110, 0.73453, 0.00035, 0.73732, 0.00000, 
1.02530, 2.34713, 0.70923, 0.53873, 0.00008, 0.79732, 0.00000, 0.17764, 6.28294, 
1.35765, 2.21108, 0.89957, 0.13272, 3.14318, 0.69884, 0.00000, 0.79604, 0.00010, 
0.96167, 2.37462, 0.78258, 0.00870, 0.09592, 0.61862, 0.00070, 0.61012, 0.00000, 
0.94045, 2.38387, 0.65329, 0.55081, 0.00015, 0.77228, 0.00000, 0.10290, 6.28319, 
0.90510, 2.39939, 0.35629, 0.72107, 0.00000, 0.72610, 0.00013, 0.33669, 3.14197, 
1.30108, 2.23325, 0.73342, 0.73357, 3.14174, 0.00018, 3.99422, 0.88690, 0.00003, 
1.34350, 2.21658, 0.74336, 0.75285, 6.28214, 0.89786, 6.28267, 0.01292, 3.02601, 
1.12430, 2.30522, 0.83417, 0.10909, 6.27607, 0.71600, 6.28272, 0.61913, 0.00040, 
1.54149, 2.14235, 0.94319, 0.00742, 3.18412, 0.81502, 0.00000, 0.81929, 0.00014, 
1.36472, 2.20834, 0.90288, 0.05580, 3.14480, 0.73444, 0.00000, 0.77460, 0.00011, 
1.10309, 2.31411, 0.64289, 0.68481, 6.28197, 0.82935, 0.00000, 0.04681, 3.10146, 
1.56978, 2.13227, 0.82722, 0.82719, 0.00011, 0.94885, 0.00008, 0.00009, 5.33935, 
1.54856, 2.13982, 0.82061, 0.81872, 0.00043, 0.94463, 0.00020, 0.00337, 6.07830, 
1.03238, 2.34410, 0.70252, 0.55764, 0.00000, 0.80171, 0.00000, 0.15242, 0.00004, 
1.59806, 2.12234, 0.95427, 0.01577, 0.07066, 0.84141, 0.00044, 0.83310, 0.00000, 
1.04652, 2.33806, 0.64403, 0.64550, 0.00004, 0.81155, 0.00002, 0.00158, 3.16185, 
1.45664, 2.17341, 0.92498, 0.00214, 3.25526, 0.78671, 6.28309, 0.78807, 0.00012, 
1.61927, 2.11498, 0.95728, 0.14564, 3.14160, 0.80273, 6.28319, 0.87744, 0.00000, 
1.56271, 2.13478, 0.82469, 0.82468, 6.28319, 0.94745, 6.28318, 0.00000, 5.19637, 
1.44250, 2.17870, 0.78225, 0.78268, 3.14145, 0.00062, 2.70313, 0.92177, 6.28312, 
1.58392, 2.12729, 0.83107, 0.83342, 0.00020, 0.95159, 0.00008, 0.00437, 3.21480, 
1.47078, 2.16815, 0.92428, 0.22146, 3.14157, 0.70513, 6.28316, 0.85116, 6.28319, 
1.43543, 2.18136, 0.76285, 0.79574, 6.28228, 0.91993, 6.28271, 0.04945, 3.11940, 
1.28693, 2.23886, 0.86581, 0.34785, 3.14189, 0.53753, 6.28311, 0.83096, 0.00004, 
1.52735, 2.14745, 0.71357, 0.87404, 6.28311, 0.93584, 6.28311, 0.25922, 3.14167, 
1.47785, 2.16554, 0.92947, 0.05648, 3.12254, 0.77608, 6.28319, 0.81174, 6.28272, 
1.40714, 2.19206, 0.00916, 0.91350, 0.10499, 0.77332, 0.10460, 0.76700, 3.24698, 
1.31522, 2.22767, 0.88528, 0.20868, 3.14157, 0.64259, 0.00001, 0.80482, 0.00002, 
1.17380, 2.28468, 0.70889, 0.66828, 0.00000, 0.85092, 0.00001, 0.04773, 0.02587, 
1.61220, 2.11742, 0.95691, 0.00001, 2.30960, 0.84240, 0.00000, 0.84240, 6.28317, 
1.65463, 2.10291, 0.86032, 0.85522, 3.14112, 0.01086, 0.08407, 0.96447, 6.28295, 
1.42836, 2.18402, 0.91816, 0.06305, 3.14178, 0.75522, 0.00002, 0.79755, 0.00002, 
1.46371, 2.17078, 0.79677, 0.78267, 0.00081, 0.92653, 0.00040, 0.02200, 6.23353, 
1.49200, 2.16033, 0.93277, 0.01775, 0.08099, 0.80513, 0.00061, 0.79419, 0.00000, 
1.03945, 2.34108, 0.69531, 0.57600, 6.28314, 0.80574, 6.28317, 0.12664, 0.00001, 
1.44957, 2.17605, 0.74924, 0.81488, 6.28295, 0.92257, 6.28306, 0.09984, 3.13872, 
1.42128, 2.18670, 0.89192, 0.46961, 3.14177, 0.50955, 0.00000, 0.88584, 0.00005, 
1.49907, 2.15773, 0.64814, 0.88370, 0.00028, 0.92478, 0.00020, 0.35005, 3.14239, 
1.27279, 2.24450, 0.82905, 0.52412, 6.28319, 0.86045, 6.28319, 0.35567, 6.28318, 
1.53442, 2.14490, 0.94129, 0.08669, 6.27720, 0.83810, 0.00000, 0.78734, 6.28319, 
1.70413, 2.08643, 0.87607, 0.87607, 0.00000, 0.97260, 0.00000, 0.00001, 3.55013, 
1.66170, 2.10052, 0.96567, 0.01682, 3.20955, 0.85643, 0.00000, 0.86421, 0.00038, 
1.78898, 2.05939, 0.90788, 0.90904, 3.14132, 0.00356, 2.96868, 0.98462, 6.28304, 
1.69706, 2.08875, 0.86680, 0.87971, 0.00086, 0.97146, 0.00045, 0.03021, 3.19048, 
1.05359, 2.33504, 0.74263, 0.49722, 0.00057, 0.79937, 0.00017, 0.25464, 6.28106, 
1.37179, 2.20561, 0.90348, 0.12029, 6.28319, 0.79671, 0.00001, 0.71010, 0.00012, 
0.89095, 2.40563, 0.42017, 0.69374, 6.28279, 0.73642, 0.00000, 0.25825, 3.13958, 
1.67584, 2.09578, 0.96805, 0.00003, 0.90888, 0.86559, 0.00001, 0.86557, 0.00001, 
1.76070, 2.06822, 0.89740, 0.89757, 3.14169, 0.00053, 3.53363, 0.98090, 6.28319, 
1.72534, 2.07952, 0.97584, 0.00002, 3.43657, 0.88403, 0.00001, 0.88403, 6.28318, 
1.64756, 2.10530, 0.85521, 0.85521, 6.28319, 0.96325, 0.00000, 0.00000, 2.89998, 
1.62635, 2.11255, 0.20650, 0.95765, 3.14396, 0.78452, 3.14414, 0.89083, 0.00222, 
1.63342, 2.11012, 0.90583, 0.75582, 0.00000, 0.95718, 0.00000, 0.28606, 6.28318, 
1.60513, 2.11987, 0.85680, 0.82067, 3.14223, 0.06939, 6.25751, 0.95538, 6.28319, 
1.91626, 2.02207, 0.96071, 0.96119, 0.00016, 0.99706, 0.00008, 0.00334, 3.29275, 
1.79605, 2.05721, 0.98550, 0.01193, 3.14762, 0.90934, 6.28317, 0.91308, 6.28319, 
1.75362, 2.07046, 0.87902, 0.90837, 0.00000, 0.97979, 0.00000, 0.08016, 3.14142, 
1.74655, 2.07271, 0.97889, 0.03769, 3.12938, 0.88482, 0.00013, 0.89885, 0.00000, 
1.83848, 2.04438, 0.92778, 0.92858, 3.14153, 0.00306, 3.05877, 0.99037, 0.00000, 
1.68291, 2.09343, 0.86819, 0.86819, 3.14157, 0.00000, 5.19357, 0.96921, 6.28318, 
1.37886, 2.20289, 0.20689, 0.90229, 0.00725, 0.82223, 0.00669, 0.67136, 3.14962, 
1.78191, 2.06158, 0.90456, 0.90683, 0.00024, 0.98372, 0.00007, 0.00692, 3.21303, 
1.71827, 2.08181, 0.97477, 0.00000, 2.87029, 0.88137, 6.28319, 0.88137, 6.28319, 
1.59099, 2.12481, 0.11855, 0.95226, 6.28119, 0.86325, 6.28126, 0.79959, 3.13952, 
1.80312, 2.05504, 0.91407, 0.91397, 3.14169, 0.00036, 5.80814, 0.98637, 0.00007, 
1.73948, 2.07497, 0.97791, 0.00866, 3.14259, 0.88772, 0.00002, 0.89102, 0.00000, 
1.85262, 2.04020, 0.91865, 0.94631, 3.14154, 0.11358, 3.14188, 0.99170, 6.28319, 
1.71120, 2.08411, 0.87738, 0.88004, 0.00042, 0.97369, 0.00019, 0.00647, 3.30364, 
1.77484, 2.06378, 0.82857, 0.94403, 0.00000, 0.98092, 0.00000, 0.31222, 3.14158, 
1.93040, 2.01819, 0.99792, 0.00000, 2.84379, 0.96721, 0.00000, 0.96721, 0.00002, 
1.68999, 2.09109, 0.86542, 0.87597, 6.28319, 0.97034, 6.28319, 0.02431, 3.18311, 
1.89505, 2.02799, 0.95112, 0.95238, 3.14146, 0.00703, 3.05959, 0.99556, 0.00000, 
1.76777, 2.06600, 0.90021, 0.90022, 6.28317, 0.98186, 0.00000, 0.00000, 2.41640, 
1.84555, 2.04229, 0.99110, 0.00003, 4.41203, 0.93105, 0.00002, 0.93107, 0.00000, 
1.90919, 2.02403, 0.99659, 0.00000, 5.50355, 0.95786, 0.00000, 0.95786, 0.00000, 
1.95161, 2.01248, 0.97471, 0.97877, 3.14160, 0.04524, 3.14172, 0.99895, 0.00000, 
1.81726, 2.05074, 0.91871, 0.92056, 0.00009, 0.98803, 0.00004, 0.00635, 3.17474, 
1.83141, 2.04649, 0.87062, 0.95634, 3.14165, 0.29447, 3.14202, 0.98862, 6.28319, 
1.66877, 2.09815, 0.00001, 0.96687, 5.99608, 0.86298, 5.99609, 0.86297, 2.85450, 
1.55563, 2.13730, 0.93749, 0.36490, 6.28315, 0.89948, 0.00000, 0.67092, 6.28317, 
1.81019, 2.05288, 0.91651, 0.91714, 3.14142, 0.00205, 2.88316, 0.98721, 0.00000, 
1.93747, 2.01627, 0.96675, 0.97362, 0.00003, 0.99829, 6.28319, 0.06034, 3.14404, 
1.88090, 2.03201, 0.97751, 0.86566, 3.14159, 0.45340, 6.28319, 0.99296, 0.00000, 
1.98697, 2.00329, 0.99992, 0.02120, 3.09557, 0.99329, 0.00012, 0.99383, 6.28305, 
1.97990, 2.00509, 0.99891, 0.90710, 6.28318, 0.99942, 6.28319, 0.81676, 0.00000, 
1.92333, 2.02012, 0.08820, 0.99749, 0.01301, 0.96961, 0.01283, 0.95749, 3.15479, 
1.73241, 2.07724, 0.94309, 0.76602, 0.00000, 0.97250, 0.00000, 0.39703, 6.28319, 
1.88798, 2.02999, 0.99498, 0.06276, 3.16160, 0.94238, 0.00000, 0.95437, 0.00028, 
1.86676, 2.03608, 0.55583, 0.99009, 6.28318, 0.97996, 6.28319, 0.81017, 3.14159, 
1.85969, 2.03813, 0.93630, 0.93745, 3.14169, 0.00503, 3.22591, 0.99250, 6.28319, 
1.87383, 2.03404, 0.01119, 0.99380, 3.06328, 0.94158, 3.06316, 0.94392, 6.20509, 
1.94454, 2.01437, 0.00009, 0.99864, 2.52213, 0.97359, 2.52212, 0.97360, 5.66373, 
1.82434, 2.04861, 0.96478, 0.82402, 6.28319, 0.98634, 6.28318, 0.42609, 6.28304, 
1.90212, 2.02600, 0.83909, 0.98672, 6.28318, 0.99398, 6.28319, 0.59139, 3.14159, 
1.96576, 2.00876, 0.76323, 0.99870, 3.14129, 0.88419, 3.14129, 0.99752, 6.28290, 
1.97283, 2.00692, 0.00007, 0.99965, 5.59613, 0.98676, 5.59614, 0.98675, 2.45454, 
1.64049, 2.10771, 0.00837, 0.96201, 6.26016, 0.85465, 6.26021, 0.85059, 3.11851, 
1.95869, 2.01061, 0.97951, 0.98068, 6.28319, 0.99922, 6.28319, 0.01521, 3.16172, 
2.00818, 1.98952, 1.00000, 0.11399, 1.57973, 1.00000, 0.04470, 1.00000, 6.23849, 
2.35467, 1.53681, 0.99523, 0.99523, 3.83321, 0.71461, 5.05822, 0.99994, 0.34581, 
2.17789, 1.77048, 0.99873, 0.99871, 3.58966, 0.51915, 4.94017, 1.00000, 0.22394, 
2.02233, 1.97139, 0.99998, 0.99998, 2.99310, 0.18792, 1.49720, 1.00000, 6.20894, 
2.12132, 1.84390, 0.99939, 0.99939, 3.50240, 0.43213, 4.89281, 1.00000, 0.18040, 
2.38295, 1.49863, 0.99450, 0.99450, 3.87198, 0.73946, 5.07757, 0.99992, 0.36519, 
2.25567, 1.66858, 0.99743, 0.99743, 3.69902, 0.61553, 4.99110, 0.99999, 0.27871, 
2.33345, 1.56528, 0.99996, 0.69507, 1.57079, 0.99575, 0.33140, 0.99575, 5.95178, 
2.40416, 1.46981, 0.99393, 0.99393, 5.52332, 0.99989, 5.90325, 0.75727, 1.19087, 
2.39002, 1.48905, 0.99991, 0.74547, 1.57071, 0.99431, 0.37008, 0.99431, 5.91310, 
2.05768, 1.92598, 0.99986, 0.99986, 2.89944, 0.30060, 1.44946, 1.00000, 6.16211, 
2.34759, 1.54632, 0.99995, 0.70819, 4.71239, 0.99541, 5.94219, 0.99541, 0.34100, 
2.24153, 1.68720, 0.99769, 0.99769, 3.67963, 0.59948, 4.98141, 0.99999, 0.26902, 
2.21324, 1.72431, 0.99999, 0.56556, 1.56634, 0.99820, 0.24922, 0.99817, 6.03368, 
2.29810, 1.61243, 0.99998, 0.66059, 1.57073, 0.99656, 0.30750, 0.99656, 5.97568, 
2.27688, 1.64056, 0.99701, 0.99701, 5.69689, 0.99998, 5.99005, 0.63860, 1.27753, 
2.07182, 1.90778, 1.00000, 0.33477, 4.71244, 0.99978, 6.14728, 0.99978, 0.13591, 
2.08596, 1.88956, 0.99969, 0.99969, 5.98404, 1.00000, 6.13361, 0.36554, 1.42117, 
2.48194, 1.36260, 0.99162, 0.99162, 4.01431, 0.81730, 5.14875, 0.99971, 0.43636, 
2.24860, 1.67789, 0.99764, 0.99751, 3.68892, 0.60781, 4.99826, 0.99999, 0.27313, 
2.36174, 1.52729, 0.99505, 0.99505, 3.84285, 0.72095, 5.06303, 0.99994, 0.35063, 
2.18496, 1.76126, 1.00000, 0.52885, 1.57983, 0.99859, 0.22944, 0.99864, 6.05424, 
2.63751, 1.13828, 0.98624, 0.98625, 4.29405, 0.91832, 5.28860, 0.99793, 0.57623, 
2.14960, 1.80725, 0.99909, 0.99908, 0.40570, 1.00000, 0.20277, 0.47798, 4.91949, 
2.22032, 1.71505, 0.99806, 0.99806, 2.63296, 0.57428, 1.31649, 0.99999, 6.02887, 
1.99404, 2.00150, 0.99996, 0.77479, 3.14163, 0.97695, 6.28319, 0.99962, 0.00001, 
2.39709, 1.47944, 0.99990, 0.75141, 4.71207, 0.99412, 5.90816, 0.99413, 0.37497, 
2.44659, 1.41166, 0.99271, 0.99270, 2.32132, 0.79098, 1.16059, 0.99981, 5.87306, 
2.22739, 1.70577, 0.99801, 0.99781, 0.51903, 0.99999, 0.25840, 0.58280, 4.99294, 
2.00111, 1.99856, 1.00000, 1.00000, 0.03303, 1.00000, 0.01546, 0.39168, 6.19234, 
2.36881, 1.51776, 0.99487, 0.99487, 0.71094, 0.99993, 0.35547, 0.72720, 5.06786, 
2.14253, 1.81643, 0.99916, 0.99917, 2.74684, 0.46701, 1.37614, 1.00000, 6.08576, 
2.06475, 1.91688, 1.00000, 0.31818, 1.57083, 0.99982, 0.12866, 0.99982, 6.15452, 
2.41831, 1.45051, 0.99353, 0.99353, 3.92135, 0.76878, 5.10227, 0.99987, 0.38988, 
2.31931, 1.58418, 0.99997, 0.68158, 4.71238, 0.99608, 5.96135, 0.99608, 0.32183, 
2.05061, 1.93507, 0.99989, 0.99989, 2.91540, 0.28182, 1.45647, 1.00000, 6.17009, 
2.01525, 1.98045, 1.00000, 0.15548, 1.57050, 0.99999, 0.06120, 0.99999, 6.22199, 
2.43245, 1.43112, 0.99312, 0.99312, 5.48330, 0.99984, 5.88324, 0.78001, 1.17086, 
2.15668, 1.79807, 0.48868, 1.00000, 1.58003, 0.99898, 1.37160, 0.99901, 4.92968, 
2.19910, 1.74280, 0.99841, 0.99841, 0.47871, 1.00000, 0.23936, 0.54758, 4.95175, 
2.42538, 1.44082, 0.99352, 0.99307, 5.49311, 0.99985, 5.88936, 0.77445, 1.16564, 
2.09304, 1.88044, 0.99964, 0.99964, 2.82946, 0.37991, 1.41474, 1.00000, 6.12712, 
2.34052, 1.55581, 0.99995, 0.70168, 1.57080, 0.99558, 0.33619, 0.99558, 5.94699, 
2.49609, 1.34281, 0.99117, 0.99117, 0.89438, 0.99965, 0.44720, 0.82743, 5.15954, 
2.75772, 0.94839, 0.98742, 0.98742, 1.57093, 0.98741, 0.78548, 0.98743, 5.49785, 
2.55973, 1.25240, 0.98905, 0.98905, 2.14286, 0.87042, 1.07144, 0.99924, 5.78382, 
2.26981, 1.64991, 0.99999, 0.63104, 4.71278, 0.99715, 5.99486, 0.99715, 0.28837, 
2.28395, 1.63120, 0.64605, 0.99998, 4.71238, 0.99686, 5.01032, 0.99686, 1.27285, 
2.74357, 0.97327, 0.98484, 0.98493, 1.57191, 0.98482, 0.78626, 0.98496, 5.49802, 
2.54558, 1.27270, 0.99936, 0.86121, 4.71235, 0.98953, 5.79599, 0.98954, 0.48718, 
2.76479, 0.93515, 0.98868, 0.98869, 4.71243, 0.98869, 5.49777, 0.98868, 0.78545, 
2.03647, 1.95324, 0.23971, 1.00000, 1.56953, 0.99994, 1.47410, 0.99994, 4.80657, 
2.53851, 1.28280, 0.98977, 0.98978, 0.96247, 0.99941, 0.48124, 0.85653, 5.19360, 
2.10718, 1.86219, 0.99952, 0.99952, 5.94613, 1.00000, 6.11466, 0.40696, 1.40226, 
2.79307, 0.87406, 0.99373, 0.99373, 4.71240, 0.99373, 5.49779, 0.99373, 0.78540, 
2.67286, 1.08477, 0.98490, 0.98491, 4.38389, 0.93911, 5.33352, 0.99652, 0.62115, 
2.02940, 1.96231, 0.21543, 1.00000, 4.70954, 0.99996, 4.79499, 0.99996, 1.48252, 
2.12839, 1.83475, 0.99932, 0.99932, 3.51391, 0.44411, 4.89853, 1.00000, 0.18616, 
2.78600, 0.89092, 0.99247, 0.99247, 1.57077, 0.99247, 0.78538, 0.99247, 5.49777, 
2.32638, 1.57474, 0.99996, 0.68838, 4.71239, 0.99592, 5.95657, 0.99592, 0.32662, 
2.58801, 1.21142, 0.98805, 0.98806, 4.19173, 0.88834, 5.23738, 0.99892, 0.52509, 
2.77893, 0.90656, 0.99121, 0.99121, 4.71242, 0.99121, 5.49780, 0.99121, 0.78541, 
2.77186, 0.92125, 0.98995, 0.98995, 1.57079, 0.98995, 0.78540, 0.98995, 5.49779, 
2.52437, 1.30291, 0.99025, 0.99025, 5.34398, 0.99951, 5.81358, 0.84703, 1.10123, 
2.50316, 1.33287, 0.99962, 0.83241, 1.57076, 0.99095, 0.45269, 0.99094, 5.83049, 
2.80014, 0.85560, 0.99499, 0.99499, 4.71239, 0.99499, 5.49778, 0.99499, 0.78540, 
2.75065, 0.96107, 0.98615, 0.98616, 1.57069, 0.98616, 0.78536, 0.98615, 5.49772, 
2.17082, 1.77968, 1.00000, 0.50922, 1.57083, 0.99881, 0.21883, 0.99881, 6.06435, 
2.48902, 1.35272, 0.82239, 0.99968, 1.57086, 0.99140, 1.12910, 0.99140, 5.15417, 
2.66579, 1.09556, 0.98517, 0.98517, 1.91894, 0.93496, 0.95947, 0.99688, 5.67186, 
2.41123, 1.46017, 0.99988, 0.76306, 4.71240, 0.99373, 5.89830, 0.99373, 0.38489, 
2.11425, 1.85305, 1.00000, 0.41976, 1.57080, 0.99946, 0.17453, 0.99946, 6.10865, 
2.69408, 1.05206, 0.95177, 0.99499, 1.57080, 0.98408, 0.91599, 0.98408, 5.36720, 
2.30517, 1.60303, 0.99997, 0.66769, 1.56988, 0.99641, 0.31222, 0.99640, 5.97085, 
2.81428, 0.81064, 0.99750, 0.99750, 1.57076, 0.99750, 0.78537, 0.99750, 5.49781, 
2.23446, 1.69648, 0.59186, 0.99999, 1.60132, 0.99768, 1.33666, 0.99793, 5.00601, 
2.80721, 0.83488, 0.99624, 0.99624, 1.57080, 0.99624, 0.78540, 0.99624, 5.49779, 
2.31224, 1.59361, 0.99624, 0.99624, 3.77571, 0.67469, 5.02945, 0.99997, 0.31706, 
2.10011, 1.87132, 0.39370, 1.00000, 4.71217, 0.99958, 4.87454, 0.99958, 1.40820, 
2.46073, 1.39210, 0.99228, 0.99228, 2.30061, 0.80169, 1.15032, 0.99977, 5.86269, 
2.60922, 1.18031, 0.98729, 0.98729, 1.09165, 0.99858, 0.54583, 0.90137, 5.25820, 
2.26274, 1.65925, 0.99999, 0.62335, 1.57080, 0.99729, 0.28354, 0.99729, 5.99965, 
2.13546, 1.82559, 0.45572, 1.00000, 1.57078, 0.99924, 1.37896, 0.99924, 4.90418, 
2.71529, 1.01887, 0.98325, 0.98325, 1.40080, 0.99204, 0.70040, 0.96548, 5.41279, 
2.73650, 0.98504, 0.98362, 0.98362, 4.71238, 0.98361, 5.49779, 0.98362, 0.78539, 
2.57387, 1.23198, 0.98856, 0.98855, 5.25925, 0.99909, 5.77122, 0.87946, 1.05881, 
2.60215, 1.19072, 0.89706, 0.99871, 1.57081, 0.98754, 1.03207, 0.98755, 5.25113, 
2.72236, 1.00768, 0.99016, 0.97087, 1.56614, 0.98331, 0.72049, 0.98263, 5.55879, 
2.19203, 1.75203, 0.99857, 0.99843, 0.46914, 1.00000, 0.23371, 0.53827, 4.97677, 
2.67993, 1.07392, 0.98463, 0.98463, 5.02002, 0.99609, 5.65160, 0.94329, 0.93922, 
2.82136, 0.77958, 0.99875, 0.99875, 4.71266, 0.99875, 5.49799, 0.99875, 0.78572, 
2.63044, 1.14885, 0.98651, 0.98651, 2.00505, 0.91412, 1.00253, 0.99812, 5.71491, 
2.72943, 0.99644, 0.98570, 0.97907, 1.60079, 0.98031, 0.77741, 0.98478, 5.53405, 
2.37588, 1.50820, 0.99992, 0.73337, 1.57080, 0.99469, 0.36032, 0.99469, 5.92286, 
2.65165, 1.11702, 0.99748, 0.92666, 1.57080, 0.98571, 0.59303, 0.98571, 5.69016, 
2.56680, 1.24221, 0.99917, 0.87496, 1.57079, 0.98880, 0.50561, 0.98880, 5.77758, 
2.04354, 1.94416, 0.26167, 1.00000, 1.57093, 0.99992, 1.46635, 0.99992, 4.81710, 
2.47487, 1.37246, 0.99973, 0.81216, 4.71239, 0.99184, 5.85216, 0.99184, 0.43102, 
2.65872, 1.10631, 0.99720, 0.93081, 4.71237, 0.98544, 5.68123, 0.98545, 0.60195, 
2.59508, 1.20109, 0.89272, 0.99882, 1.57083, 0.98780, 1.03900, 0.98780, 5.24424, 
2.64458, 1.12767, 0.99772, 0.92249, 1.57079, 0.98598, 0.58447, 0.98598, 5.69872, 
2.68701, 1.06302, 0.98436, 0.98436, 4.42708, 0.94750, 5.35512, 0.99559, 0.64275, 
2.43952, 1.42140, 0.99292, 0.99292, 0.81005, 0.99983, 0.40502, 0.78553, 5.11742, 
2.62337, 1.15938, 0.98677, 0.98677, 1.12114, 0.99829, 0.56057, 0.90990, 5.27296, 
2.58094, 1.22172, 0.98830, 0.98830, 2.10469, 0.88392, 1.05235, 0.99901, 5.76473, 
2.70115, 1.04106, 0.95614, 0.99425, 4.71254, 0.98382, 5.38055, 0.98380, 0.90283, 
2.16375, 1.78888, 0.49860, 1.00000, 1.57946, 0.99884, 1.36525, 0.99894, 4.93490, 
2.70822, 1.02999, 0.99330, 0.96067, 4.71240, 0.98353, 5.60021, 0.98353, 0.68298, 
2.46780, 1.38229, 0.99206, 0.99206, 0.85147, 0.99975, 0.42573, 0.80695, 5.13814, 
2.55266, 1.26257, 0.99930, 0.86584, 1.57079, 0.98929, 0.49323, 0.98929, 5.78996, 
2.29103, 1.62182, 0.65338, 0.99998, 4.71236, 0.99671, 5.01509, 0.99671, 1.26805, 
2.07889, 1.89868, 0.35053, 1.00000, 1.57044, 0.99974, 1.42758, 0.99974, 4.85489, 
2.51023, 1.32291, 0.83733, 0.99958, 1.57081, 0.99072, 1.11255, 0.99072, 5.17066, 
2.20617, 1.73356, 0.55666, 1.00000, 4.71239, 0.99830, 4.95676, 0.99830, 1.32642, 
2.53144, 1.29287, 0.85180, 0.99946, 1.57079, 0.99001, 1.09542, 0.99001, 5.18776, 
2.45366, 1.40189, 0.79636, 0.99979, 4.71240, 0.99249, 5.12769, 0.99249, 1.15551, 
2.61630, 1.16986, 0.98703, 0.98703, 2.03541, 0.90565, 1.01768, 0.99844, 5.73010, 
2.82843, 0.70716, 1.00000, 1.00000, 1.57079, 1.00000, 0.78539, 1.00000, 5.49778, 
2.51730, 1.31293, 0.84221, 0.99955, 4.71237, 0.99048, 5.17627, 0.99048, 1.10689, 
